
Descriptive statistics
=======================================================================================
Statistic                  N    Mean     St. Dev.       Min       Median       Max     
---------------------------------------------------------------------------------------
Political_Corruption      125   0.47       0.30        0.002       0.50        0.95    
GDP_per_Capita            125 16,670.31 22,709.09     230.93     6,175.42   118,437.30 
Lifespan                  125   72.09      8.39        52.10       74.11      83.99    
Net_Migration             125 8,166.03  201,494.10 -1,632,118.00   85.12   1,206,926.00
Overweight_Adults         125   45.86     16.31        17.38       54.40      72.78    
Population_Density        125  211.95     729.00       1.99        80.05     7,814.10  
KWH_pp_pc                 125 25,913.75 35,190.72     224.22     15,016.75  213,333.10 
Military_Expenses         125   1.89       1.46        0.16        1.46        8.53    
Population_Growth         125   1.28       1.22        -1.91       1.14        3.93    
Primary_School_Enrollment 125  101.71     13.83        8.45       100.72      138.91   
Happiness                 125   5.46       1.12        2.86        5.48        7.67    
---------------------------------------------------------------------------------------
