-0.8933662 -2.402746 0.1361711 0.5922435 1.888952
-0.4701298 1.623285 1.238904 0.2561103 -1.493418
0.05388191 0.8349001 -0.6774206 -1.049127 2.843804
0.06383459 0.7952743 0.5810326 0.08300534 -0.5882716
0.157273 0.4332321 1.24459 0.1664706 -0.2278586
-0.6282092 -1.047481 0.9709917 -1.068974 -1.015109
0.1703181 -1.619818 1.516606 -2.443416 0.307353
-0.9969615 -0.04629724 -0.8139203 0.9453029 0.2548144
-0.4623855 0.8955327 -1.212959 0.3696885 -0.6376002
-0.4657885 0.1306414 -0.3803431 1.300957 0.8656216
-2.28443 -0.05282083 -1.037864 -1.536163 -0.09047257
-0.3212225 -0.7546851 -0.7929575 -0.3222185 0.5487926
0.06465794 -0.1058656 0.04575521 -0.2636338 0.3708069
-0.09340049 0.3988813 1.224799 -2.179155 1.445366
0.3223053 -0.08546168 -0.1255215 -0.4013984 0.3514528
0.5885518 -0.8687708 0.7693901 0.245291 0.1210364
0.1759612 -0.06612997 -0.0169517 1.155305 -0.650616
1.26764 -0.4317596 -0.2422053 0.02112906 -1.048135
0.1886815 1.394702 0.6697876 -0.8203886 -0.244335
-1.356222 -0.4452798 -1.669067 0.2485111 0.3731656
