-1.256746 -2.423258 0.02243462 -0.8777479 -0.9313886
0.7582961 2.445526 1.244918 -0.482003 -1.683966
-0.153435 0.8752308 -0.9567074 -1.586519 2.979662
-0.1439545 0.8429535 0.6328219 -0.1299052 -0.9171426
0.04438011 0.6053137 1.388907 0.07518009 -0.4193166
2.463943 -1.447484 1.083501 -1.625979 -1.424374
0.2120977 -1.805209 2.089886 -2.901155 0.4305035
-1.353616 -0.2466614 -1.035743 1.057469 0.3255768
-0.7740952 1.026178 -1.634841 0.4803137 -0.9484172
-0.8589288 -0.0176473 -0.5782981 1.767907 0.9222774
-2.217841 -0.261114 -1.439814 -1.762683 -0.3065631
-0.4904586 -0.9710349 -0.9920789 -0.5781413 0.6166887
-0.1407197 -0.3964892 -0.168488 0.3445056 0.5416189
-0.3370295 0.591881 1.167439 -2.216666 1.971527
0.4487545 -0.3005045 -0.4021732 -0.5989491 0.4493395
0.6720803 -1.16578 0.7928427 -0.9486067 -0.03425019
0.2151319 -0.2703192 -0.73446 1.137655 0.2543127
1.648176 -0.6445335 -0.4285542 -0.2045268 -1.507205
0.2513485 1.767953 0.7650252 -1.136411 -0.4310516
-1.647262 -0.211746 -2.094626 0.313879 0.5725474
